1000
52 55 1254
74 72 2220
2 55 66
37 63 291
60 69 1891
5 63 120
13 59 419
3 11 19
4 36 54
29 68 569
53 45 802
28 43 329
47 22 137
10 58 280
59 42 1144
71 24 889
74 36 232
70 39 319
65 42 671
26 71 926
52 48 635
35 75 290
66 23 425
1 10 10
51 68 1659
20 40 87
51 15 147
42 62 549
20 51 354
10 53 84
67 7 115
19 18 143
65 8 122
57 60 1645
31 36 321
23 55 507
39 7 126
15 25 91
29 21 113
61 30 364
14 21 58
65 16 413
18 5 37
45 38 192
6 45 128
11 68 355
32 8 91
67 22 285
66 27 255
17 12 116
20 2 21
30 44 95
33 61 136
44 7 113
16 64 273
46 74 690
32 30 73
1 73 73
69 63 2161
7 4 14
26 1 26
42 30 611
74 39 225
13 59 307
64 74 1239
9 44 79
51 52 511
47 52 1110
19 22 100
39 5 45
25 7 31
13 49 120
43 24 499
36 36 656
34 24 203
73 10 137
34 37 633
25 60 580
65 3 95
69 19 523
2 43 51
62 55 763
1 23 23
31 35 260
44 68 560
55 65 410
12 24 138
21 25 165
58 66 850
41 59 475
6 38 108
30 1 30
26 54 373
46 9 165
4 29 53
37 8 75
56 20 127
36 40 490
52 74 707
71 39 1217
33 22 107
15 28 112
28 53 529
17 1 17
63 56 1005
26 69 693
31 49 680
36 61 438
42 14 55
38 10 89
70 19 705
40 10 194
11 14 58
35 30 348
44 17 366
6 20 42
28 50 338
45 63 888
4 6 11
58 44 462
30 15 61
75 54 1736
72 42 1392
47 1 47
73 45 1602
57 27 377
33 54 620
58 1 58
21 4 33
73 38 324
59 68 189
41 44 283
32 41 420
36 64 701
70 38 1021
23 19 101
69 52 1679
67 11 315
52 31 783
20 29 120
30 64 127
32 29 354
12 60 244
10 21 36
8 67 102
51 14 206
22 60 535
23 51 431
25 28 115
6 47 125
48 53 182
36 9 136
68 72 935
64 6 187
26 14 146
2 41 52
71 39 1142
42 38 332
74 62 1290
39 45 161
9 17 66
66 30 661
30 22 52
1 62 62
22 64 644
34 65 955
36 61 947
23 4 49
60 54 151
26 18 197
15 3 24
56 68 1190
31 74 724
55 52 303
9 73 158
28 8 125
12 43 119
34 65 1112
70 26 617
18 51 134
62 42 963
48 23 548
39 30 81
75 9 251
74 69 1013
61 21 573
15 32 97
29 42 421
23 37 194
71 31 701
37 18 354
6 42 76
72 5 179
9 56 142
72 31 487
34 17 257
55 31 483
66 37 928
44 59 542
48 54 587
4 68 93
1 50 50
73 46 1310
24 54 258
35 27 275
17 37 124
20 16 162
8 7 32
60 27 431
28 74 132
49 54 276
41 55 1084
74 29 388
36 52 232
8 63 122
34 57 723
52 1 52
55 60 817
42 44 392
65 71 1342
66 21 419
36 61 411
3 36 61
68 72 2315
14 56 349
61 14 102
69 43 232
70 22 249
54 41 250
42 30 532
28 72 752
67 32 882
40 11 75
40 4 92
69 17 425
10 2 11
59 47 1191
33 19 253
43 49 604
21 15 145
24 42 243
48 11 284
34 50 106
55 14 136
50 7 120
2 68 99
42 51 133
50 60 1430
33 27 158
56 25 658
10 48 170
12 72 402
45 7 107
65 62 1856
14 13 61
30 14 205
2 32 38
43 58 156
56 15 88
65 47 1526
14 33 147
34 21 112
11 65 256
15 32 144
9 45 107
61 51 252
31 52 398
29 71 340
34 51 616
19 18 153
29 8 132
11 41 69
41 52 115
3 43 58
3 51 78
67 36 478
69 44 567
5 72 141
21 7 54
28 25 223
59 53 388
25 40 327
34 58 431
61 60 831
68 40 526
72 31 106
52 2 75
61 6 199
65 26 278
21 30 146
70 66 933
51 15 243
72 25 947
70 10 230
11 54 235
3 28 41
7 4 12
31 64 459
74 53 2018
2 51 53
29 45 616
11 20 47
33 16 160
13 10 76
30 73 625
11 75 256
75 58 436
64 13 185
59 63 704
55 41 972
58 69 1683
28 57 350
12 66 202
20 3 22
15 10 84
40 20 306
17 19 112
72 60 1833
18 20 77
69 51 1249
19 11 80
14 38 258
27 50 413
56 46 1124
72 37 986
61 1 61
27 69 108
49 66 1402
61 60 1473
59 30 273
75 49 1161
9 62 246
51 13 319
31 46 734
42 19 191
11 56 247
51 7 68
34 56 582
54 41 204
69 1 69
8 52 207
32 37 350
71 12 352
8 19 59
43 61 686
40 48 985
66 23 196
33 33 382
20 11 94
66 57 535
66 64 857
40 73 829
51 68 746
52 52 380
23 72 813
64 13 439
11 3 20
39 12 162
47 31 414
49 21 361
51 12 189
59 51 1214
52 3 64
10 55 70
61 2 85
52 43 1020
37 53 588
45 16 312
62 62 1694
66 12 119
75 62 990
49 23 359
72 74 898
12 60 271
3 22 43
43 73 1225
19 35 230
50 56 141
17 19 175
14 9 59
32 60 847
61 33 821
19 29 206
3 17 21
69 20 403
10 39 163
45 34 318
34 8 100
61 24 283
51 38 549
52 46 702
17 32 113
55 27 202
17 6 22
37 75 189
56 61 672
50 8 100
2 41 43
62 27 877
41 54 550
29 31 155
2 24 32
59 3 93
69 19 308
73 33 1025
21 65 442
59 39 1135
56 41 543
60 4 79
64 21 648
8 50 173
49 51 372
46 11 160
69 4 76
75 54 287
5 51 147
48 35 553
22 15 41
37 51 173
55 16 292
75 75 605
3 48 85
30 18 48
36 64 152
60 40 1121
42 45 176
65 69 2228
51 15 313
55 52 407
61 31 380
65 7 146
43 10 115
48 16 198
40 51 589
36 12 219
9 53 78
10 19 46
45 70 1283
71 26 888
72 11 386
14 1 14
7 20 41
47 45 1098
30 9 104
53 44 371
41 30 613
49 16 367
51 61 1254
15 33 234
7 30 115
6 20 30
35 26 406
27 72 359
34 27 420
16 56 231
62 21 218
10 47 257
28 22 289
18 13 123
32 71 1062
57 1 57
36 13 110
35 39 289
2 73 101
53 65 826
27 28 320
6 37 47
1 42 42
56 36 112
46 67 1283
41 26 200
56 61 1177
43 20 140
56 22 375
20 51 185
40 54 870
57 60 876
22 60 561
31 18 216
29 40 215
22 57 359
15 37 65
21 57 357
42 37 362
60 57 850
44 21 386
56 54 1546
7 75 163
50 7 105
54 35 861
3 33 52
75 47 1095
11 67 85
42 33 355
71 69 717
53 38 359
65 70 1677
61 1 61
18 28 152
45 58 1286
35 60 861
7 36 78
68 46 835
57 65 1266
60 60 1558
21 14 117
2 3 4
13 63 236
75 58 1950
68 27 303
72 61 1002
10 45 65
18 37 346
69 70 2087
54 32 897
56 29 786
72 31 561
60 20 558
48 20 331
63 64 2053
37 61 390
70 47 825
40 64 1279
32 34 302
37 13 138
3 45 66
34 19 312
16 3 22
15 50 345
70 14 336
2 50 58
46 21 299
36 60 312
39 16 191
13 29 62
19 8 48
30 42 185
48 34 364
10 48 253
67 43 406
37 21 234
21 66 227
74 3 102
18 18 41
71 30 1022
37 25 332
25 31 250
31 3 46
16 13 89
50 4 71
74 17 136
72 37 582
67 12 315
23 30 177
47 2 59
24 15 119
60 17 263
40 47 129
53 63 1184
67 14 179
49 13 77
50 61 199
19 30 251
41 52 546
6 23 35
75 23 464
70 60 1055
21 24 82
27 53 124
44 44 751
42 17 85
32 44 726
59 62 1805
74 4 88
20 9 49
19 8 37
9 55 140
16 52 327
46 3 70
40 24 486
47 42 827
44 73 856
3 33 53
14 8 22
53 4 64
17 22 49
4 31 51
49 23 562
20 68 698
19 32 274
62 55 1028
47 23 388
28 25 299
71 15 556
42 45 864
73 38 1121
14 18 75
9 44 148
56 63 1506
59 6 126
33 68 834
25 16 166
14 20 107
13 15 44
20 33 340
30 8 130
38 21 71
54 7 115
16 39 230
23 22 66
60 54 161
2 55 63
42 68 1149
60 6 173
17 2 20
71 31 635
64 45 631
22 23 76
1 39 39
41 61 998
64 45 828
4 24 55
63 65 850
15 26 120
10 19 74
37 66 992
72 54 834
52 53 851
15 53 374
68 18 344
15 7 30
67 62 261
23 27 229
23 18 209
6 27 67
64 63 1089
55 59 689
15 12 66
72 3 103
70 70 1107
6 61 76
62 52 681
66 51 475
36 51 120
8 56 150
74 21 388
32 52 272
20 66 356
61 40 213
3 34 52
67 39 1212
62 26 642
21 68 229
5 29 61
59 13 211
63 11 254
55 19 196
8 39 160
24 24 159
42 3 75
55 70 1167
31 56 464
35 53 165
37 35 466
67 18 308
53 5 65
60 37 543
21 21 160
70 44 1335
60 10 103
60 42 793
23 49 512
41 8 57
74 21 296
14 64 420
41 42 475
56 3 74
15 23 66
11 69 278
60 30 667
59 14 172
29 14 196
54 54 1048
34 29 146
48 42 815
4 59 70
17 40 283
65 31 751
36 41 711
72 2 85
72 60 1627
61 13 319
75 67 607
21 2 28
63 50 1308
70 53 1312
43 69 238
18 36 300
45 71 872
43 44 665
70 41 1460
12 3 14
20 55 390
5 75 88
71 39 1396
27 33 436
19 75 93
50 70 1114
36 16 105
17 58 246
22 29 313
63 18 432
42 37 190
64 18 452
65 13 343
62 40 1110
37 58 812
35 10 105
15 22 137
43 38 482
16 36 226
6 1 6
73 42 342
45 8 77
16 72 106
2 35 50
73 49 1120
69 8 183
58 74 247
40 41 326
5 33 66
50 38 99
37 36 565
60 5 74
2 72 92
55 50 1153
49 48 838
3 18 28
40 52 286
24 17 212
23 73 641
34 47 468
68 60 682
22 44 165
59 45 1167
68 2 94
14 27 52
8 29 96
9 46 133
9 46 136
26 45 103
52 3 57
41 47 745
19 69 139
1 52 52
31 21 233
13 12 38
18 19 78
41 28 527
40 13 108
55 38 810
44 14 103
56 32 605
75 50 595
16 28 217
1 58 58
63 47 1270
53 65 1611
48 30 192
37 46 524
25 25 260
5 45 74
40 25 448
70 24 636
69 16 138
22 16 152
47 3 71
8 32 80
39 5 100
23 18 63
18 42 325
28 46 161
28 11 144
59 57 1641
18 27 142
28 25 259
49 48 186
41 55 607
75 71 1745
62 18 385
72 12 320
30 39 271
10 43 163
36 3 65
40 21 200
58 48 386
17 73 462
31 38 616
1 37 37
50 1 50
18 72 146
4 3 6
35 12 208
54 48 530
30 64 256
10 46 244
15 40 54
44 70 1088
52 70 291
56 21 594
53 38 233
39 41 717
64 52 798
56 7 147
27 14 144
19 23 88
57 14 244
70 34 556
22 11 61
10 43 71
74 72 862
35 36 303
74 24 529
50 56 106
49 59 506
14 2 16
24 36 95
50 7 146
70 28 261
61 14 411
72 64 1939
22 1 22
12 74 337
30 25 237
32 74 950
70 64 1230
33 12 84
9 38 127
70 32 707
67 69 1396
7 65 91
19 11 100
66 74 2471
15 5 44
19 37 295
59 31 89
25 40 523
3 48 58
62 20 199
50 11 104
28 17 141
18 13 111
60 55 709
3 70 110
68 65 2118
10 25 141
15 26 113
31 5 87
61 66 1138
24 17 72
3 22 28
75 39 520
59 1 59
41 3 48
56 47 758
33 56 164
17 47 155
40 2 58
13 39 60
5 62 96
59 41 720
55 40 1110
39 75 451
3 17 27
13 72 196
13 29 171
14 22 52
40 39 731
71 51 1401
70 33 873
62 16 265
75 47 1389
51 11 218
5 65 156
12 3 20
43 15 321
53 28 638
35 44 674
17 40 240
15 34 70
73 20 303
22 19 196
9 46 210
48 27 447
27 16 178
55 58 1288
37 35 126
17 69 94
35 63 633
28 2 29
54 51 728
72 72 1997
61 58 1727
38 7 106
27 10 119
70 65 794
29 3 42
67 19 550
21 53 263
67 57 971
47 12 298
47 8 207
18 46 135
35 8 130
56 11 299
68 57 1871
63 10 315
69 1 69
68 73 1194
32 41 683
48 13 218
40 36 695
29 53 370
51 65 203
57 45 176
20 14 92
24 1 24
30 46 190
8 39 105
38 47 498
49 19 89
49 36 386
57 41 303
34 68 733
71 49 799
65 68 1183
18 68 93
54 74 1666
45 6 65
56 43 1074
9 69 230
50 19 272
27 52 386
5 63 92
24 58 170
64 24 282
43 41 591
74 72 1774
23 41 93
40 73 311
27 58 564
33 9 106
51 36 745
11 17 70
62 18 459
63 6 164
56 48 1284
42 46 526
4 46 55
46 10 257
32 36 142
12 46 256
39 73 1400
65 9 254
56 47 261
28 34 469
1 14 14
15 33 90
1 36 36
5 6 15
57 37 554
69 25 794
15 63 495
70 30 457
21 10 38
12 14 57
61 15 177
59 29 480
4 6 9
70 62 1860
46 21 307
35 14 224
46 28 119
55 75 1894
25 20 117
42 9 117
16 46 356
33 6 93
30 9 96
16 55 471
7 3 9
35 37 343
41 8 81
34 39 459
57 40 836
65 6 175
12 74 107
25 31 262
66 38 306
38 53 680
